#         t          x          y          z         vx         vy         vz
      0.000     -2.080      2.950     -1.450      0.000      8.000     -2.000
      0.071     -1.820      3.160     -1.470     -0.000      7.000     -1.000
      0.143     -1.900      3.210     -1.550     -5.000     10.000     -1.000
      0.214     -2.160      3.410     -1.580     -3.000      8.000     -0.000
      0.286     -2.450      3.780     -1.610     -5.000      7.000      0.000
      0.357     -2.790      4.060     -1.530     -8.000      7.000      0.000
      0.429     -3.330      4.690     -1.620     -7.000     14.000     -2.000
      0.500     -3.570      5.570     -1.830     -3.000      9.000     -4.000
      0.571     -3.670      6.110     -2.040     -5.000      5.000     -2.000
      0.643     -3.950      6.550     -2.150     -7.000      5.000     -1.000
      0.714     -4.090      6.980     -2.210     -7.000      7.000     -2.000
      0.786     -4.460      7.460     -2.560     -8.000     11.000     -7.000
      0.857     -5.130      8.180     -3.190    -11.000      7.000     -9.000
      0.929     -5.920      9.070     -3.710    -13.000     11.000     -9.000
      1.000     -6.560     10.330     -4.310     -5.000     13.000     -8.000
      1.071     -6.940     11.050     -4.880     -5.000     11.000    -10.000
      1.143     -7.450     12.040     -5.610     -7.000     17.000    -12.000
      1.214     -7.680     13.410     -6.440     -6.000     14.000    -11.000
      1.286     -8.670     14.490     -7.170    -11.000     15.000    -10.000
      1.357     -9.400     15.850     -7.960    -10.000     20.000    -11.000
      1.429     -9.990     17.060     -8.840    -12.000     14.000    -14.000
      1.500    -10.780     18.250     -9.830    -12.000     21.000    -15.000
      1.571    -11.570     19.750    -10.860    -11.000     25.000    -16.000
      1.643    -12.410     21.480    -11.800    -13.000     26.000    -12.000
      1.714    -13.330     23.330    -12.740    -12.000     27.000    -13.000
      1.786    -14.150     25.190    -13.750    -14.000     25.000    -16.000
      1.857    -15.250     26.840    -14.850    -19.000     29.000    -15.000
      1.929    -16.690     29.210    -15.800    -22.000     31.000    -15.000
      2.000    -18.230     31.640    -16.880    -22.000     35.000    -16.000
      2.071    -19.840     34.290    -18.010    -21.000     41.000    -16.000
      2.143    -21.250     37.110    -19.200    -17.000     39.000    -17.000
      2.214    -22.640     40.030    -20.440    -19.000     40.000    -20.000
      2.286    -24.220     42.840    -21.840    -23.000     39.000    -20.000
      2.357    -25.930     45.900    -23.160    -22.000     43.000    -19.000
      2.429    -27.620     49.030    -24.490    -25.000     42.000    -20.000
      2.500    -29.420     52.260    -25.890    -25.000     51.000    -20.000
      2.571    -31.120     56.010    -27.360    -25.000     53.000    -21.000
      2.643    -33.120     59.790    -28.780    -26.000     55.000    -20.000
      2.714    -35.000     63.720    -30.280    -27.000     55.000    -21.000
      2.786    -36.910     67.720    -31.890    -29.000     61.000    -24.000
      2.857    -39.100     72.170    -33.610    -29.000     63.000    -24.000
      2.929    -41.230     76.770    -35.400    -31.000     67.000    -28.000
      3.000    -43.060     81.310    -37.460    -34.000     73.000    -29.000
      3.071    -45.410     87.240    -39.450    -30.000     79.000    -28.000
      3.143    -47.660     93.020    -41.510    -34.000     83.000    -30.000
      3.214    -49.650     99.160    -43.710    -37.000     85.000    -30.000
      3.286    -52.290    105.600    -45.730    -39.000     89.000    -29.000
      3.357    -55.290    112.450    -47.940    -43.000     97.000    -31.000
      3.429    -58.470    119.970    -50.170    -44.000    109.000    -32.000
      3.500    -61.670    128.290    -52.270    -40.000    123.000    -30.000
      3.571    -64.650    137.340    -54.360    -44.000    132.000    -28.000
      3.643    -67.790    147.430    -56.320    -43.000    150.000    -28.000
      3.714    -70.860    158.890    -58.070    -42.000    170.000    -21.000
      3.786    -74.050    171.840    -59.250    -42.000    193.000    -11.000
      3.857    -76.970    186.780    -59.380    -35.000    226.000      9.000
      3.929    -78.630    204.410    -57.230     -6.000    266.000     57.000
      4.000    -76.710    223.100    -50.340     59.000    246.000    130.000
      4.071    -71.240    238.350    -40.080     90.000    183.000    149.000
      4.143    -64.430    249.460    -30.160     86.000    126.000    130.000
      4.214    -58.650    257.230    -21.890     77.000     90.000    104.000
      4.286    -53.660    262.530    -15.130     68.000     65.000     85.000
      4.357    -49.110    266.340     -9.640     63.000     44.000     73.000
      4.429    -44.710    268.690     -5.010     59.000     26.000     63.000
      4.500    -40.550    270.040     -0.920     59.000     10.000     52.000
      4.571    -36.460    270.190      2.730     55.000     -7.000     49.000
      4.643    -32.660    269.380      6.070     51.000    -18.000     43.000
      4.714    -29.010    267.790      9.030     52.000    -28.000     38.000
      4.786    -25.430    265.330     11.650     51.000    -41.000     33.000
      4.857    -21.880    262.110     13.960     49.000    -51.000     31.000
      4.929    -18.520    258.140     16.070     46.000    -60.000     28.000
      5.000    -15.450    253.420     17.820     42.000    -70.000     22.000
      5.071    -12.620    248.030     19.160     38.000    -80.000     16.000
      5.143     -9.930    242.030     19.940     36.000    -87.000      6.000
      5.214     -7.450    235.570     19.960     33.000    -92.000     -8.000
      5.286     -5.140    228.910     18.950     33.000    -89.000    -21.000
      5.357     -2.670    222.400     17.450     38.000    -88.000    -24.000
      5.429     -0.120    215.550     15.890     37.000    -98.000    -22.000
      5.500      2.370    207.930     14.420     36.000   -115.000    -19.000
      5.571      4.720    199.220     13.100     32.000   -130.000    -16.000
      5.643      6.720    189.150     11.690     23.000   -152.000    -21.000
      5.714      8.010    177.370      9.800     10.000   -177.000    -30.000
      5.786      8.130    163.160      6.930    -12.000   -223.000    -50.000
      5.857      4.180    144.650      1.520   -171.000   -233.000    -88.000
      5.929     -4.480    135.280     -0.870    -82.000    -71.000    -15.000
      6.000     -6.920    132.080     -0.130     24.000    -34.000     23.000
      6.071     -4.910    131.820      2.010     80.000     -1.000     49.000
      6.143      0.240    133.610      5.180    125.000     42.000     72.000
      6.214      8.260    138.270      9.700    193.000    140.000    119.000
      6.286     21.770    144.430     19.310     36.000    -45.000     32.000
      6.357     22.940    139.810     18.390     39.000    -52.000     19.000
      6.429     25.350    138.100     20.010     42.000    -29.000     19.000
      6.500     28.640    136.870     22.100     40.000    -20.000     23.000
      6.571     31.850    135.180     24.030     42.000    -30.000     22.000
      6.643     34.770    133.240     26.780     41.000    -24.000     35.000
      6.714     37.720    131.520     29.880     38.000    -27.000     32.000
      6.786     40.270    129.510     32.360     41.000    -28.000     39.000
      6.857     43.110    127.230     34.540     42.000    -30.000     30.000
      6.929     45.820    124.730     36.440     42.000    -29.000     23.000
      7.000     48.600    122.320     38.490     38.000    -27.000     23.000
      7.071     50.950    120.140     40.020     40.000    -25.000     30.000
      7.143     53.180    118.060     41.970     32.000    -23.000     22.000
      7.214     57.780    115.810     43.780     34.000    -25.000     19.000
      7.286     60.380    114.100     45.220     33.000    -25.000     23.000
      7.357     62.910    112.270     46.880     33.000    -26.000     23.000
      7.429     65.310    110.390     48.840     29.000    -24.000     28.000
      7.500     67.450    108.560     50.740     27.000    -23.000     28.000
      7.571     69.550    106.650     52.470     28.000    -28.000     25.000
      7.643     71.560    104.710     54.110     32.000    -27.000     29.000
      7.714     73.480    103.090     55.720     29.000    -21.000     25.000
      7.786     75.230    101.740     56.930     27.000    -21.000     20.000
      7.857     76.990    100.690     57.840     30.000    -19.000     19.000
      7.929     79.480     99.950     59.760     33.000    -19.000     17.000
      8.000     81.810     98.480     60.880     38.000    -16.000     20.000
      8.071     84.480     97.400     62.470     36.000    -18.000     24.000
      8.143     87.170     96.110     64.000     39.000    -21.000     22.000
      8.214     89.730     94.810     65.650     38.000    -16.000     31.000
      8.286     92.470     93.740     67.810     42.000    -16.000     37.000
      8.357     95.090     92.600     70.330     40.000    -25.000     36.000
      8.429     97.870     91.030     72.850     37.000    -23.000     37.000
      8.500    100.520     89.370     75.160     34.000    -26.000     32.000
      8.571    103.120     87.650     77.250     33.000    -27.000     29.000
      8.643    105.620     85.880     79.220     34.000    -26.000     25.000
      8.714    107.990     83.910     81.030     31.000    -29.000     23.000
      8.786    110.160     81.920     82.610     29.000    -27.000     18.000
      8.857    112.360     79.970     84.140     31.000    -25.000     18.000
      8.929    114.660     77.960     85.770     33.000    -27.000     23.000
      9.000    116.010     75.050     87.090     30.000    -25.000     22.000
      9.071    118.190     73.320     88.730     30.000    -22.000     22.000
      9.143    120.350     71.680     90.150     30.000    -28.000     17.000
      9.214    122.540     69.890     91.420     30.000    -27.000     20.000
      9.286    124.850     68.150     92.960     31.000    -27.000     23.000
      9.357    127.190     66.400     94.490     30.000    -26.000     20.000
      9.429    129.130     64.530     95.780     26.000    -29.000     21.000
      9.500    131.090     62.790     97.400     27.000    -23.000     25.000
      9.571    132.970     61.510     99.200     28.000    -18.000     25.000
      9.643    134.790     60.110    100.600     27.000    -13.000     26.000
      9.714    137.100     59.710    102.610     31.000    -14.000     22.000
      9.786    139.240     58.580    104.300     34.000    -17.000     23.000
      9.857    141.580     57.190    105.930     35.000    -17.000     26.000
      9.929    144.190     55.930    108.070     38.000    -18.000     32.000
     10.000    146.860     54.430    110.180     40.000    -21.000     33.000
     10.071    149.680     53.080    112.780     36.000    -20.000     32.000
     10.143    151.810     51.280    114.560     31.000    -18.000     34.000
     10.214    154.120     49.960    116.940     32.000    -18.000     31.000
     10.286    156.440     48.720    119.260     32.000    -18.000     32.000
     10.357    158.860     47.410    121.420     32.000    -17.000     28.000
     10.429    160.590     46.010    123.230     33.000    -22.000     26.000
     10.500    162.800     44.260    124.810     28.000    -27.000     22.000
     10.571    164.960     42.390    126.190     30.000    -30.000     18.000
     10.643    168.040     40.080    128.120     31.000    -31.000     18.000
     10.714    170.230     38.020    129.480     30.000    -28.000     18.000
     10.786    172.160     36.150    130.840     26.000    -27.000     19.000
     10.857    173.970     34.500    132.320     25.000    -22.000     20.000
     10.929    175.820     33.610    133.580     32.000    -17.000     25.000
     11.000    178.050     32.340    135.640     33.000    -17.000     28.000
     11.071    180.340     30.840    137.830     30.000    -21.000     27.000
     11.143    182.480     29.230    139.740     29.000    -22.000     27.000
     11.214    184.650     27.540    141.520     31.000    -23.000     29.000
     11.286    186.770     25.900    143.320     28.000    -21.000     25.000
     11.357    188.750     24.310    145.100     27.000    -21.000     28.000
     11.429    190.790     22.840    146.960     30.000    -19.000     27.000
