#         t          x          y          z         vx         vy         vz
      0.000   -377.690    611.450   -284.630     73.000    -73.000     50.000
      0.071   -372.500    606.250   -281.070     73.000    -74.000     50.000
      0.143   -367.150    600.900   -277.590     75.000    -77.000     51.000
      0.214   -361.740    595.420   -274.020     75.000    -79.000     53.000
      0.286   -356.460    589.870   -270.480     72.000    -81.000     52.000
      0.357   -351.270    584.160   -266.970     70.000    -81.000     49.000
      0.429   -346.230    578.310   -263.540     68.000    -82.000     47.000
      0.500   -341.310    572.330   -260.220     69.000    -83.000     43.000
      0.571   -336.500    566.240   -256.840     66.000    -85.000     46.000
      0.643   -331.980    560.210   -253.490     63.000    -84.000     44.000
      0.714   -327.770    554.330   -250.340     59.000    -81.000     42.000
      0.786   -323.810    548.560   -247.320     52.000    -81.000     43.000
      0.857   -320.190    542.980   -244.380     46.000    -76.000     42.000
      0.929   -316.810    537.670   -241.480     46.000    -71.000     40.000
      1.000   -313.560    532.560   -238.370     45.000    -69.000     43.000
      1.071   -310.400    527.670   -235.080     43.000    -67.000     48.000
      1.143   -307.160    523.020   -231.570     45.000    -64.000     50.000
      1.214   -303.860    518.510   -227.890     48.000    -63.000     54.000
      1.286   -300.420    514.050   -223.930     49.000    -62.000     57.000
      1.357   -296.790    509.690   -219.820     53.000    -61.000     59.000
      1.429   -292.990    505.280   -215.510     56.000    -62.000     62.000
      1.500   -288.910    500.830   -211.040     58.000    -62.000     62.000
      1.571   -284.680    496.350   -206.540     60.000    -63.000     64.000
      1.643   -280.200    491.770   -201.900     64.000    -64.000     64.000
      1.714   -275.500    487.020   -197.120     70.000    -69.000     66.000
      1.786   -270.550    482.130   -192.180     73.000    -69.000     67.000
      1.857   -265.400    477.220   -187.240     76.000    -70.000     70.000
      1.929   -260.030    472.200   -182.240     79.000    -74.000     72.000
      2.000   -254.500    467.040   -177.220     79.000    -74.000     71.000
      2.071   -248.760    461.690   -172.170     83.000    -77.000     72.000
      2.143   -242.760    456.060   -167.000     85.000    -80.000     72.000
      2.214   -236.570    450.220   -161.760     86.000    -82.000     73.000
      2.286   -230.330    444.250   -156.410     89.000    -84.000     73.000
      2.357   -223.970    438.150   -151.090     93.000    -87.000     71.000
      2.429   -217.600    431.750   -145.780     89.000    -92.000     73.000
      2.500   -211.230    425.120   -140.480     90.000    -94.000     73.000
      2.571   -204.720    418.270   -135.120     93.000    -96.000     74.000
      2.643   -198.150    411.270   -129.790     91.000    -98.000     75.000
      2.714   -191.490    404.240   -124.450     94.000    -99.000     73.000
      2.786   -184.680    397.010   -119.080     94.000   -101.000     75.000
      2.857   -177.780    389.620   -113.610     97.000   -105.000     77.000
      2.929   -170.790    381.980   -107.980     97.000   -106.000     78.000
      3.000   -163.790    374.090   -102.250     97.000   -112.000     80.000
      3.071   -156.710    365.910    -96.350     99.000   -112.000     82.000
      3.143   -149.410    357.510    -90.380    102.000   -118.000     83.000
      3.214   -142.030    348.780    -84.300    103.000   -122.000     85.000
      3.286   -134.520    339.690    -78.100    105.000   -130.000     88.000
      3.357   -126.840    330.150    -71.750    112.000   -135.000     87.000
      3.429   -118.780    320.120    -65.400    115.000   -145.000     89.000
      3.500   -110.530    309.440    -59.170    117.000   -159.000     88.000
      3.571   -102.080    297.850    -52.990    119.000   -171.000     91.000
      3.643    -93.410    285.340    -46.920    121.000   -182.000     87.000
      3.714    -84.460    271.700    -41.120    125.000   -201.000     80.000
      3.786    -75.360    256.470    -35.690    126.000   -228.000     73.000
      3.857    -66.400    239.120    -31.030    124.000   -261.000     53.000
      3.929    -58.400    219.140    -28.270     96.000   -299.000     13.000
      4.000    -53.510    197.840    -29.570     42.000   -285.000    -52.000
      4.071    -51.600    179.810    -35.170     17.000   -232.000    -67.000
      4.143    -50.640    165.350    -39.980     22.000   -187.000    -60.000
      4.214    -49.490    153.320    -43.600     24.000   -159.000    -43.000
      4.286    -48.060    142.930    -46.050     28.000   -137.000    -26.000
      4.357    -46.680    133.970    -47.260     27.000   -115.000    -15.000
      4.429    -45.560    126.320    -47.900     24.000   -100.000     -5.000
      4.500    -44.470    119.920    -48.210     23.000    -84.000     -1.000
      4.571    -43.270    114.460    -48.180     21.000    -67.000      3.000
      4.643    -41.840    108.890    -46.670     16.000    -55.000      9.000
      4.714    -40.810    105.420    -45.920     14.000    -44.000     14.000
      4.786    -39.750    102.830    -45.010     13.000    -31.000     14.000
      4.857    -38.680    101.020    -44.000     15.000    -21.000     17.000
      4.929    -37.480     99.910    -42.860     18.000    -12.000     18.000
      5.000    -36.150     99.420    -41.580     19.000     -4.000     22.000
      5.071    -34.690     99.490    -40.070     19.000      6.000     25.000
      5.143    -33.040    100.170    -38.280     24.000     14.000     30.000
      5.214    -31.280    101.380    -36.150     24.000     20.000     34.000
      5.286    -29.370    103.140    -33.740     28.000     29.000     38.000
      5.357    -27.230    105.520    -31.100     31.000     38.000     41.000
      5.429    -24.900    108.560    -28.070     35.000     47.000     47.000
      5.500    -22.420    112.260    -24.620     38.000     56.000     52.000
      5.571    -19.770    116.870    -20.760     43.000     71.000     58.000
      5.643    -16.700    122.570    -16.410     50.000     87.000     69.000
      5.714    -13.040    129.600    -11.310     61.000    111.000     79.000
      5.786     -8.280    138.640     -5.070     80.000    146.000    100.000
      5.857     -0.470    150.730      3.230    197.000    149.000    134.000
      5.929     10.510    156.820      9.140    122.000     20.000     64.000
      6.000     17.680    157.910     12.140     52.000     -7.000     40.000
      6.071     21.920    156.370     14.000      9.000    -22.000     20.000
      6.143     24.020    152.830     15.370    -16.000    -52.000      9.000
      6.214     24.170    147.100     16.100    -54.000   -117.000    -22.000
      6.286     24.800    141.310     16.040     56.000      1.000     51.000
      6.357     27.450    139.810     18.090     36.000     -8.000     49.000
      6.429     29.580    138.250     20.110     29.000    -28.000     40.000
      6.500     31.260    136.100     21.950     38.000    -35.000     39.000
      6.571     32.800    134.230     24.400     36.000    -26.000     48.000
      6.643     34.500    132.640     26.910     42.000    -27.000     44.000
      6.714     37.610    131.490     29.840     41.000    -28.000     42.000
      6.786     40.090    129.110     32.250     38.000    -35.000     30.000
      6.857     43.390    127.040     34.270     39.000    -33.000     32.000
      6.929     44.210    125.510     35.910     41.000    -34.000     28.000
      7.000     46.840    123.230     38.150     40.000    -32.000     27.000
      7.071     49.340    120.760     40.090     35.000    -36.000     14.000
      7.143     51.860    118.340     41.750     34.000    -30.000     13.000
      7.214     54.410    116.180     43.450     35.000    -28.000     14.000
      7.286     57.060    114.250     45.140     37.000    -28.000     15.000
      7.357     59.700    112.420     46.850     36.000    -25.000     21.000
      7.429     62.220    110.760     48.490     36.000    -23.000     20.000
      7.500     64.870    109.140     50.060     36.000    -24.000     21.000
      7.571     67.510    107.570     51.650     36.000    -21.000     22.000
      7.643     70.170    106.070     53.190     34.000    -21.000     22.000
      7.714     72.780    104.560     54.650     32.000    -20.000     22.000
      7.786     75.390    103.200     56.150     32.000    -17.000     22.000
      7.857     77.990    101.860     57.600     29.000    -19.000     18.000
      7.929     80.590    100.530     59.080     33.000    -19.000     18.000
      8.000     83.230     99.150     60.640     35.000    -19.000     20.000
      8.071     85.760     97.810     62.390     35.000    -17.000     23.000
      8.143     88.180     96.570     64.280     34.000    -16.000     23.000
      8.214     90.500     95.400     66.220     32.000    -18.000     26.000
      8.286     92.730     94.130     68.230     35.000    -18.000     32.000
      8.357     94.950     92.770     70.360     36.000    -20.000     35.000
      8.429     97.350     91.150     72.390     36.000    -25.000     32.000
      8.500     99.840     89.310     74.310     37.000    -28.000     31.000
      8.571    102.500     87.330     76.250     36.000    -27.000     31.000
      8.643    105.070     85.280     78.110     32.000    -33.000     25.000
      8.714    107.410     83.200     79.990     30.000    -30.000     24.000
      8.786    109.760     81.260     81.830     34.000    -27.000     24.000
      8.857    112.120     79.380     83.560     32.000    -29.000     19.000
      8.929    114.350     77.400     85.180     31.000    -27.000     19.000
      9.000    116.530     75.420     86.840     32.000    -26.000     21.000
      9.071    118.600     73.400     88.530     29.000    -24.000     21.000
      9.143    120.580     71.390     90.170     31.000    -25.000     20.000
      9.214    122.550     69.300     91.770     32.000    -26.000     21.000
      9.286    124.490     67.300     93.290     30.000    -24.000     19.000
      9.357    126.440     65.380     94.800     31.000    -26.000     21.000
      9.429    128.350     63.640     96.200     28.000    -23.000     22.000
      9.500    130.250     62.080     97.540     25.000    -18.000     24.000
      9.571    132.230     60.790     98.900     27.000    -16.000     22.000
      9.643    134.300     59.670    100.420     28.000    -14.000     23.000
      9.714    136.540     58.700    102.210     30.000    -14.000     24.000
      9.786    138.910     57.780    104.130     33.000    -15.000     24.000
      9.857    141.420     56.820    106.180     34.000    -19.000     27.000
      9.929    143.930     55.810    108.330     34.000    -22.000     30.000
     10.000    146.420     54.750    110.490     35.000    -20.000     30.000
     10.071    148.990     53.660    112.660     35.000    -20.000     31.000
     10.143    151.570     52.440    114.790     33.000    -19.000     32.000
     10.214    154.180     51.050    116.910     33.000    -20.000     32.000
     10.286    156.920     49.490    119.010     35.000    -20.000     30.000
     10.357    159.680     47.810    121.190     35.000    -22.000     29.000
     10.429    162.340     46.060    123.450     34.000    -23.000     27.000
     10.500    164.870     44.130    125.640     32.000    -29.000     24.000
     10.571    167.190     42.060    127.620     31.000    -32.000     20.000
     10.643    169.300     39.990    129.350     30.000    -29.000     19.000
     10.714    171.220     38.060    130.890     31.000    -27.000     19.000
     10.786    173.000     36.220    132.280     27.000    -25.000     19.000
     10.857    174.640     34.470    133.570     26.000    -18.000     18.000
     10.929    176.280     32.900    134.800     28.000    -17.000     22.000
     11.000    177.990     31.480    136.120     30.000    -15.000     26.000
     11.071    179.920     30.150    137.560     31.000    -17.000     27.000
     11.143    181.940     28.810    139.090     29.000    -20.000     28.000
     11.214    183.960     27.440    140.710     29.000    -20.000     29.000
     11.286    186.120     26.240    142.350     29.000    -17.000     27.000
     11.357    188.390     25.040    144.020     30.000    -22.000     27.000
     11.429    190.720     23.680    145.800     31.000    -21.000     27.000
